35

10561518521

231657853767255491

7361945692965168171406459

112240152302221653899922401

527558847287533656419849473130736623

48712916664736578888807871084217304832807

47583016428462387584360979770086793504226763

64414197872203756752614769080461903424515455285907675769114084290672643055084179

114381625757888867669235779976146612010218296721242362562561842935706935245733897830597123563958705058989075147599290026879543541

21647676552097712998311703280088728422988273812583443359348547484392012882344889433640289320514565945769279316952223581670053183937118801692834911334220792304728943926058995326065976564232054510939624401131319989973083316108706565571811893614280789245150643216225728879076315082023911763941195147935205677061026383346326346418506635733945444626962037743225096461843175128775229290378566595639545055112158264105637121166924649386314322598486418394991112117889673838063564342276992865363400938796370439459202398095447478189403708849735264719303405479829189417813353716236586780610227515699521906449534854958025133677691
